{
  "keyframes": [
    {
      "matrix": "[0.9995388964482512,-0.030364454215688473,-3.469446961655583e-18,0,-0.00028722639191323555,-0.009454935325511253,0.9999552393912123,0,-0.030363096253723115,-0.999494194976108,-0.009459297458220398,0,-0.03734109923243532,-0.007315100170671357,-0.0047471001744268685,1]",
      "fov": 50,
      "aspect": 1,
      "properties": "[[\"FOV\",50],[\"NAME\",\"Camera 0\"],[\"TIME\",0]]"
    },
    {
      "matrix": "[0.7711541806440921,-0.6366483758041191,-5.551114914234219e-17,0,0.037405032875673046,0.045307658945602486,0.9982725152678417,0,-0.6355486168590238,-0.7698220737222143,0.05875304786585886,0,-0.5479518175125118,0.5289288163185126,0.1809825003147125,1]",
      "fov": 50,
      "aspect": 1,
      "properties": "[[\"FOV\",50],[\"NAME\",\"Camera 1\"],[\"TIME\",0.03500000000000001]]"
    },
    {
      "matrix": "[0.5274649897764272,-0.849576829645133,-5.551115414308747e-17,0,0.19846064816576475,0.12321551165596559,0.9723329531943106,0,-0.8260714990876806,-0.5128715610133607,0.23359942311743317,0,-0.9139124155044548,0.6943948268890386,0.32730370759963984,1]",
      "fov": 50,
      "aspect": 1,
      "properties": "[[\"FOV\",50],[\"NAME\",\"Camera 2\"],[\"TIME\",0.07000000000000002]]"
    },
    {
      "matrix": "[0.1554613816167955,-0.9878419540139806,-2.2204460129286583e-16,0,0.43503013226769155,0.06846275877681059,0.8978093650578162,0,-0.8868937498632204,-0.13957468311685592,0.44038432718565296,0,-1.0535361766815179,1.0289899110794067,0.5197042226791379,1]",
      "fov": 50,
      "aspect": 1,
      "properties": "[[\"FOV\",50],[\"NAME\",\"Camera 3\"],[\"TIME\",0.10500000000000001]]"
    },
    {
      "matrix": "[-0.11398232749800856,-0.9934828028001078,-5.551115263128848e-17,0,0.5496935236644658,-0.0630663631632726,0.8329824257657413,0,-0.8275536883299711,0.09494527259007866,0.5532994955778862,0,-1.0054048299789422,1.3078166246414191,0.672350883483886,1]",
      "fov": 50,
      "aspect": 1,
      "properties": "[[\"FOV\",50],[\"NAME\",\"Camera 4\"],[\"TIME\",0.14000000000000004]]"
    },
    {
      "matrix": "[-0.35115847815456563,-0.9363158985024985,0,0,0.6742408228784439,-0.2528691242457253,0.6938706267085253,0,-0.6496821656359392,0.2436585781932765,0.7200996122587108,0,-0.28863841295242254,1.5166012048721316,0.6599724888801567,1]",
      "fov": 50,
      "aspect": 1,
      "properties": "[[\"FOV\",50],[\"NAME\",\"Camera 5\"],[\"TIME\",0.175]]"
    },
    {
      "matrix": "[-0.9301422714320984,-0.36719929308468335,0,0,0.34241839624195586,-0.8673704739055076,0.36113448435377093,0,-0.1326083231025139,0.3359064387766351,0.9325137058492677,0,-0.03961959853768307,1.4161980152130127,0.5739672780036914,1]",
      "fov": 50,
      "aspect": 1,
      "properties": "[[\"FOV\",50],[\"NAME\",\"Camera 6\"],[\"TIME\",0.21000000000000002]]"
    },
    {
      "matrix": "[-0.20306088178174578,-0.9791660261198925,-5.5511146468883853e-17,0,0.6597923915321768,-0.13682871060010204,0.73888554726198,0,-0.7234916789587758,0.15003876193835194,0.6738309028981055,0,0.014797699637711936,1.670740127563477,0.7220758795738215,1]",
      "fov": 50,
      "aspect": 1,
      "properties": "[[\"FOV\",50],[\"NAME\",\"Camera 7\"],[\"TIME\",0.24499999999999997]]"
    },
    {
      "matrix": "[-0.8852726207733792,-0.4650723981325755,2.775557490225167e-17,0,0.37399271177881177,-0.7119010060282939,0.5944126401882415,0,-0.27644491474674776,0.5262172409285046,0.8041601645258724,0,0.17269180715084154,1.845619201660156,0.8293232917785635,1]",
      "fov": 50,
      "aspect": 1,
      "properties": "[[\"FOV\",50],[\"NAME\",\"Camera 8\"],[\"TIME\",0.31999999999999995]]"
    },
    {
      "matrix": "[-0.9746559672188524,0.22370898174549195,-1.387778755072095e-17,0,-0.18193406861438025,-0.7926508995385169,0.5818973598848303,0,0.13017566867573996,0.5671497463872881,0.813262231980849,0,0.3257178962230681,1.7986564636230462,0.8311455845832819,1]",
      "fov": 50,
      "aspect": 1,
      "properties": "[[\"FOV\",50],[\"NAME\",\"Camera 9\"],[\"TIME\",0.36000000000000004]]"
    },
    {
      "matrix": "[-0.8077315371954724,0.5895500445160264,-2.7755568554179504e-17,0,-0.4765159859477529,-0.6528656785087078,0.5888113145091591,0,0.34713379121422455,0.47560154290232715,0.808270345789255,0,0.3966653943061825,1.7561616897583,0.7928305864334095,1]",
      "fov": 50,
      "aspect": 1,
      "properties": "[[\"FOV\",50],[\"NAME\",\"Camera 10\"],[\"TIME\",0.4]]"
    },
    {
      "matrix": "[-0.4311425844514403,0.9022835808480281,-5.5511139806934274e-17,0,-0.6915106564150691,-0.3304279252231241,0.6423630306792624,0,0.579593680379377,0.27695008819247874,0.766400346676838,0,0.4928027987480157,1.6389639377593994,0.7182068228721611,1]",
      "fov": 50,
      "aspect": 1,
      "properties": "[[\"FOV\",50],[\"NAME\",\"Camera 11\"],[\"TIME\",0.44]]"
    },
    {
      "matrix": "[-0.2247267584540351,0.9744218177792652,0,0,-0.6655331499800639,-0.15348907907212248,0.730415448136618,0,0.7117327470339064,0.16414389559855688,0.6830031233880235,0,0.7087013721466062,1.4914226531982422,0.6149933934211724,1]",
      "fov": 50,
      "aspect": 1,
      "properties": "[[\"FOV\",50],[\"NAME\",\"Camera 12\"],[\"TIME\",0.48]]"
    },
    {
      "matrix": "[0.19757730349552638,0.9802874392760956,-5.551115829391473e-17,0,-0.48117388793847804,0.09698077878213757,0.8712442439056637,0,0.8540697116371432,-0.17213807283614688,0.49084987484514125,0,0.947927474975585,1.1726479530334473,0.45660540461540183,1]",
      "fov": 50,
      "aspect": 1,
      "properties": "[[\"FOV\",50],[\"NAME\",\"Camera 13\"],[\"TIME\",0.5199999999999998]]"
    },
    {
      "matrix": "[0.5283312258078414,0.849038339454416,5.551115084343273e-17,0,-0.24543653911411614,0.15272783517823355,0.9573061870162868,0,0.8127896262190627,-0.5057747331176554,0.2890759056164577,0,1.0478267669677725,0.8839381933212287,0.30883580446243253,1]",
      "fov": 50,
      "aspect": 1,
      "properties": "[[\"FOV\",50],[\"NAME\",\"Camera 14\"],[\"TIME\",0.5599999999999999]]"
    },
    {
      "matrix": "[0.6158676262653231,0.7878495972103327,-1.1102229807192587e-16,0,-0.09361580641547772,0.07318014083165464,0.9929152712219368,0,0.7822679122312689,-0.6115043834702656,0.11882445739082514,0,0.9940956234931936,0.6747105717659003,0.2238963991403578,1]",
      "fov": 50,
      "aspect": 1,
      "properties": "[[\"FOV\",50],[\"NAME\",\"Camera 15\"],[\"TIME\",0.6]]"
    },
    {
      "matrix": "[0.7864131910102097,0.6177008235708066,0,0,-0.05029950186655863,0.0640377837614621,0.9966790549487236,0,0.6156494702980506,-0.7838015524765394,0.0814302012336048,0,0.8958162069320674,0.49607169628143355,0.12705220282077775,1]",
      "fov": 50,
      "aspect": 1,
      "properties": "[[\"FOV\",50],[\"NAME\",\"Camera 16\"],[\"TIME\",0.6399999999999999]]"
    },
    {
      "matrix": "[0.9738122248147861,0.22735377096626025,-1.3877787713246369e-17,0,-0.011721278813166308,0.05020512547565293,0.9986701563193127,0,0.22705142262068195,-0.9725171923469921,0.051555241110070135,0,0.66640830039978,0.4048157930374148,0.07933729887008661,1]",
      "fov": 50,
      "aspect": 1,
      "properties": "[[\"FOV\",50],[\"NAME\",\"Camera 17\"],[\"TIME\",0.6799999999999999]]"
    },
    {
      "matrix": "[0.9905998681444644,-0.13679125678871532,2.7755574875965944e-17,0,0.021491487116164464,0.15563468604125957,0.9875808366426786,0,-0.13509242743872513,-0.978297472731141,0.15711155120702175,0,0.24577589333057376,0.6235380768775949,0.14897389709949488,1]",
      "fov": 50,
      "aspect": 1,
      "properties": "[[\"FOV\",50],[\"NAME\",\"Camera 18\"],[\"TIME\",0.7199999999999999]]"
    },
    {
      "matrix": "[0.9902945082901145,-0.13898466197463616,-2.7755574913603848e-17,0,0.012276730582159216,0.08747424861520497,0.9960911385660777,0,-0.13844139421000173,-0.9864236129250801,0.0883315478357858,0,0.03998430073261225,0.5686026811599736,0.1424975991249083,1]",
      "fov": 50,
      "aspect": 1,
      "properties": "[[\"FOV\",50],[\"NAME\",\"Camera 19\"],[\"TIME\",0.7599999999999999]]"
    },
    {
      "matrix": "[0.9544461241342305,-0.2983833424847767,-2.7755575934085873e-17,0,-0.0024752610542371255,-0.00791767831194415,0.9999655855026531,0,-0.2983730781328995,-0.9544132912998492,-0.008295574165106246,0,-0.3413343131542207,0.19487729668617304,0.02529240027070053,1]",
      "fov": 50,
      "aspect": 1,
      "properties": "[[\"FOV\",50],[\"NAME\",\"Camera 20\"],[\"TIME\",0.8]]"
    },
    {
      "matrix": "[0.9297274930563532,-0.3682483732969951,-5.551115333459569e-17,0,0.02061121216915797,0.05203773324866482,0.9984324050998928,0,-0.3676711031935408,-0.9282700422567861,0.055970955742852484,0,-0.577678382396698,0.23707480728626318,0.042463298887014375,1]",
      "fov": 50,
      "aspect": 1,
      "properties": "[[\"FOV\",50],[\"NAME\",\"Camera 21\"],[\"TIME\",0.8400000000000001]]"
    },
    {
      "matrix": "[0.9767132887433949,0.2145486108836444,0,0,0.018745603740747793,-0.08533767803808225,0.9961757294258548,0,0.21372812839030256,-0.9729781158558719,-0.08737229127458179,0,-0.20882500708103197,0.45477458834648177,0.10494030267000196,1]",
      "fov": 50,
      "aspect": 1,
      "properties": "[[\"FOV\",50],[\"NAME\",\"Camera 22\"],[\"TIME\",0.88]]"
    },
    {
      "matrix": "[-0.36800392204348503,-0.9298242639466533,1.1102230515277051e-16,0,0.6366034480753417,-0.25195359463277317,0.7288727236794035,0,-0.6777235307356045,0.26822801581156647,0.6846492303264151,0,-0.9037107825279229,1.4659302234649658,0.729771494865417,1]",
      "fov": 50,
      "aspect": 1,
      "properties": "[[\"FOV\",50],[\"NAME\",\"Camera 23\"],[\"TIME\",0.92]]"
    },
    {
      "matrix": "[-0.7789872781216768,-0.6270397825806215,5.551115313013252e-17,0,0.4955908922738782,-0.6156850186529974,0.6126349869713023,0,-0.3841465086252461,0.47723486047785224,0.7903660013647403,0,-0.712937891483306,1.4729120731353758,0.711965918540954,1]",
      "fov": 50,
      "aspect": 1,
      "properties": "[[\"FOV\",50],[\"NAME\",\"Camera 24\"],[\"TIME\",0.96]]"
    },
    {
      "matrix": "[-0.687846172409519,-0.7258563625225487,0,0,0.6082924465237131,-0.5764386077609948,0.5456177715450126,0,-0.3960401478850342,0.37530111177438097,0.8380340683299319,0,-0.189088195562362,1.5899556875228884,0.7122725844383235,1]",
      "fov": 50,
      "aspect": 1,
      "properties": "[[\"FOV\",50],[\"NAME\",\"Camera 25\"],[\"TIME\",1]]"
    }
  ],
  "camera_type": "perspective",
  "render_height": 1080,
  "render_width": 1920,
  "camera_path": [
    {
      "camera_to_world": [
        0.9995388936531384,
        -0.0002872263977888886,
        -0.030363095620448324,
        -0.03734109923243532,
        -0.030364454130777235,
        -0.009454935518926056,
        -0.9994941741299311,
        -0.007315100170671357,
        -4.770489558936219e-18,
        0.9999552598468241,
        -0.00945929726092992,
        -0.0047471001744268685,
        0,
        0,
        0,
        1
      ],
      "fov": 50,
      "aspect": 1
    },
    {
      "camera_to_world": [
        0.9724337817091918,
        0.007148532776829042,
        -0.2330696004842726,
        -0.19380826884394106,
        -0.23311505690602993,
        0.006360300620506236,
        -0.9724283607647994,
        0.16381525243209036,
        -0.0054690432854640455,
        0.9999542214797413,
        0.00785140181027132,
        0.051755460591126984,
        0,
        0,
        0,
        1
      ],
      "fov": 50,
      "aspect": 1
    },
    {
      "camera_to_world": [
        0.8993513089919529,
        0.012992188228564341,
        -0.437033666963421,
        -0.3516482264349792,
        -0.43721918941984916,
        0.020849051575191152,
        -0.8991132839923259,
        0.33846443689829897,
        -0.002569711561815647,
        0.999698214509483,
        0.02443105583147191,
        0.10863202290175847,
        0,
        0,
        0,
        1
      ],
      "fov": 50,
      "aspect": 1
    },
    {
      "camera_to_world": [
        0.8040060541961741,
        0.027925556259180674,
        -0.5939650058071723,
        -0.4994210721761135,
        -0.5946210474863436,
        0.038218167641249474,
        -0.8030972428967671,
        0.4873088543658969,
        0.0002733169268676721,
        0.9988791393205488,
        0.047332761678321726,
        0.16276590721515405,
        0,
        0,
        0,
        1
      ],
      "fov": 50,
      "aspect": 1
    },
    {
      "camera_to_world": [
        0.7192192123172088,
        0.058745825990816576,
        -0.6922952062252566,
        -0.6300103505209503,
        -0.6947830457156091,
        0.06010349692947576,
        -0.7167036270614169,
        0.5811035402419651,
        -0.0004939837606865936,
        0.9964619900354981,
        0.08404319362410607,
        0.2106360879469967,
        0,
        0,
        0,
        1
      ],
      "fov": 50,
      "aspect": 1
    },
    {
      "camera_to_world": [
        0.6504735837405926,
        0.10078143477367366,
        -0.7528128713436228,
        -0.7496274944589869,
        -0.7595282380856399,
        0.0875977132792006,
        -0.6445490642137172,
        0.6230908731203448,
        0.0009861065833632748,
        0.9910447734755552,
        0.13352634406959374,
        0.25211163074111737,
        0,
        0,
        0,
        1
      ],
      "fov": 50,
      "aspect": 1
    },
    {
      "camera_to_world": [
        0.584033269630705,
        0.15408530187176947,
        -0.796971053245696,
        -0.8530725777555119,
        -0.8117278401838717,
        0.11297648574314101,
        -0.5730045611856477,
        0.6544394935309858,
        0.0017474080505171237,
        0.9815773191227555,
        0.1910573556524047,
        0.29361218107462395,
        0,
        0,
        0,
        1
      ],
      "fov": 50,
      "aspect": 1
    },
    {
      "camera_to_world": [
        0.5017476516337736,
        0.21731518629574623,
        -0.8372714039576644,
        -0.9340697380334683,
        -0.8650127062657765,
        0.12435108042369622,
        -0.4860965200412538,
        0.7165337789769254,
        -0.0015205521204784416,
        0.968148190414414,
        0.25037325999104687,
        0.34185030612301204,
        0,
        0,
        0,
        1
      ],
      "fov": 50,
      "aspect": 1
    },
    {
      "camera_to_world": [
        0.3938086569073784,
        0.2940860381004738,
        -0.870877800807423,
        -0.9920575894594776,
        -0.919158517538527,
        0.11785074057521987,
        -0.3758441466648775,
        0.8120192568035187,
        -0.007896922260253599,
        0.9484854269519583,
        0.3167223286706775,
        0.3990213416034876,
        0,
        0,
        0,
        1
      ],
      "fov": 50,
      "aspect": 1
    },
    {
      "camera_to_world": [
        0.27335746537756955,
        0.3701737624114792,
        -0.8878328005567718,
        -1.0304853890455015,
        -0.961881260672527,
        0.09775204807041268,
        -0.2553996426486737,
        0.9196398738111876,
        -0.007754772039292162,
        0.9238051324387463,
        0.38278445735224037,
        0.4591878266569289,
        0,
        0,
        0,
        1
      ],
      "fov": 50,
      "aspect": 1
    },
    {
      "camera_to_world": [
        0.1631461839459163,
        0.4310543443939644,
        -0.8874544917025182,
        -1.0524044381896056,
        -0.9866017176799794,
        0.07072280011546819,
        -0.1470215501711975,
        1.0216092345999783,
        -0.0006110112925782618,
        0.8995501307447613,
        0.436817111549311,
        0.5155615002424129,
        0,
        0,
        0,
        1
      ],
      "fov": 50,
      "aspect": 1
    },
    {
      "camera_to_world": [
        0.07387867230634598,
        0.4726285379508525,
        -0.8781595566254979,
        -1.072114210990896,
        -0.9972548537599091,
        0.039400601746552875,
        -0.06269249743240304,
        1.1112683109594967,
        0.004969751558566469,
        0.8803805186943024,
        0.4742419676420435,
        0.5688627319862573,
        0,
        0,
        0,
        1
      ],
      "fov": 50,
      "aspect": 1
    },
    {
      "camera_to_world": [
        -0.005928831429984897,
        0.503859038597031,
        -0.8637655458409709,
        -1.0826705489144721,
        -0.9999694339974752,
        0.0014155112530424244,
        0.007689434222481149,
        1.1961469890077332,
        0.005097060784822687,
        0.8637847333404128,
        0.5038352453127785,
        0.6205640367446761,
        0,
        0,
        0,
        1
      ],
      "fov": 50,
      "aspect": 1
    },
    {
      "camera_to_world": [
        -0.08131952438039305,
        0.5343892590806607,
        -0.8413175706793299,
        -1.046171119110241,
        -0.9966869576170656,
        -0.04233210042928172,
        0.0694485549834057,
        1.275182774888295,
        0.001497821946887981,
        0.8441777733703179,
        0.5360612310892737,
        0.6608182323357208,
        0,
        0,
        0,
        1
      ],
      "fov": 50,
      "aspect": 1
    },
    {
      "camera_to_world": [
        -0.15163457777245623,
        0.5701536610568329,
        -0.8074229112474199,
        -0.9192241742361886,
        -0.9884341581912054,
        -0.08564248590635364,
        0.12515302444856619,
        1.3502459810287868,
        0.0022067497847111377,
        0.81706191160234,
        0.5765457161961379,
        0.6806900410188562,
        0,
        0,
        0,
        1
      ],
      "fov": 50,
      "aspect": 1
    },
    {
      "camera_to_world": [
        -0.20743409927212386,
        0.6083134898982395,
        -0.7661108225752897,
        -0.6901590838830995,
        -0.9781439160359641,
        -0.11749850055161441,
        0.1715476082315095,
        1.4272710962177586,
        0.014337851338045066,
        0.7849514637071179,
        0.619391334814317,
        0.6818493590377936,
        0,
        0,
        0,
        1
      ],
      "fov": 50,
      "aspect": 1
    },
    {
      "camera_to_world": [
        -0.2708307858143898,
        0.6483931945899799,
        -0.7115033033405822,
        -0.4414122492483652,
        -0.9624764091312427,
        -0.16932188370460732,
        0.21205957079215337,
        1.4897702578887642,
        0.01702490296562631,
        0.742237404681362,
        0.6699207324533905,
        0.6715717258521327,
        0,
        0,
        0,
        1
      ],
      "fov": 50,
      "aspect": 1
    },
    {
      "camera_to_world": [
        -0.3809545145299991,
        0.6778940693189547,
        -0.6287553487974482,
        -0.26117852616308285,
        -0.9245535298062202,
        -0.2856414919515722,
        0.2522096520725144,
        1.5181725949130251,
        -0.00862718853807973,
        0.6773983826802866,
        0.7355657705195778,
        0.6564012478751738,
        0,
        0,
        0,
        1
      ],
      "fov": 50,
      "aspect": 1
    },
    {
      "camera_to_world": [
        -0.6246263641603691,
        0.6324859051751539,
        -0.45804310381290997,
        -0.15720619785320383,
        -0.7784649044152132,
        -0.550813073744546,
        0.30099393745704967,
        1.4890079290196083,
        -0.0619217069339254,
        0.544579229815875,
        0.8364204473011987,
        0.6250914829530616,
        0,
        0,
        0,
        1
      ],
      "fov": 50,
      "aspect": 1
    },
    {
      "camera_to_world": [
        -0.8541254857859955,
        0.4575914183231479,
        -0.24714317390502055,
        -0.09293741686748938,
        -0.5183580452158761,
        -0.78754284942877,
        0.3332884595565672,
        1.436658235018412,
        -0.04212590047480319,
        0.41277881993947285,
        0.9098566119551823,
        0.5892071234666794,
        0,
        0,
        0,
        1
      ],
      "fov": 50,
      "aspect": 1
    },
    {
      "camera_to_world": [
        -0.9292822868894267,
        0.3443723292886888,
        -0.13357443652825166,
        -0.04676996220066909,
        -0.36936996566279867,
        -0.8658911772001754,
        0.3373400327757696,
        1.4136476020758408,
        0.0005096467600164827,
        0.36282250215108924,
        0.9318581287905381,
        0.5730863584129269,
        0,
        0,
        0,
        1
      ],
      "fov": 50,
      "aspect": 1
    },
    {
      "camera_to_world": [
        -0.871112185928326,
        0.43143089666608825,
        -0.23458674499866583,
        -0.014757592602108568,
        -0.48742921150804575,
        -0.8177719144997365,
        0.3060422513707549,
        1.456743554212153,
        -0.05980236864722731,
        0.3809415667229431,
        0.922663101812818,
        0.595490985084324,
        0,
        0,
        0,
        1
      ],
      "fov": 50,
      "aspect": 1
    },
    {
      "camera_to_world": [
        -0.5747494262655504,
        0.6527891179387448,
        -0.4934870459375567,
        -0.0059341958960544665,
        -0.8093263341660714,
        -0.5426455282089521,
        0.2247814839797446,
        1.5411045285449245,
        -0.12105363205096131,
        0.5285850907995636,
        0.8402046298085291,
        0.6447275441424323,
        0,
        0,
        0,
        1
      ],
      "fov": 50,
      "aspect": 1
    },
    {
      "camera_to_world": [
        -0.25121259721699407,
        0.6797220431677454,
        -0.6891082462366547,
        0.002625264487081086,
        -0.9672804362876763,
        -0.2024099276726774,
        0.1529665935904446,
        1.6321578769322231,
        -0.035507584747699696,
        0.7049880603325187,
        0.7083297581028047,
        0.6990434831984687,
        0,
        0,
        0,
        1
      ],
      "fov": 50,
      "aspect": 1
    },
    {
      "camera_to_world": [
        -0.210798117564179,
        0.6571326831902632,
        -0.7236993784124481,
        0.022329410157546824,
        -0.97751694017688,
        -0.1379342252968089,
        0.15948285537636825,
        1.685172027446606,
        0.0049784835672143785,
        0.7410470876907448,
        0.6714346048026099,
        0.7306308544300216,
        0,
        0,
        0,
        1
      ],
      "fov": 50,
      "aspect": 1
    },
    {
      "camera_to_world": [
        -0.26915028973011984,
        0.6577392027576332,
        -0.7035177770987352,
        0.04062314634520081,
        -0.9630961389111858,
        -0.18230619050777017,
        0.1980158582460273,
        1.7155783875474024,
        0.0019871468387454854,
        0.7308512803972486,
        0.6825338505811587,
        0.7485411798071024,
        0,
        0,
        0,
        1
      ],
      "fov": 50,
      "aspect": 1
    },
    {
      "camera_to_world": [
        -0.37370682758718793,
        0.6541265875041501,
        -0.6576181373220292,
        0.06171412391633353,
        -0.9274734286337116,
        -0.27244749924719214,
        0.25605741413280564,
        1.7454993854774208,
        -0.011672454461154393,
        0.7056137524695268,
        0.7085005195006745,
        0.7661407088328693,
        0,
        0,
        0,
        1
      ],
      "fov": 50,
      "aspect": 1
    },
    {
      "camera_to_world": [
        -0.5075043218210405,
        0.6291897222648289,
        -0.5886931770704271,
        0.08473151574438104,
        -0.8612756157916013,
        -0.3905438520475226,
        0.32508431717122416,
        1.7737922520278786,
        -0.02537078981356483,
        0.6720087745142844,
        0.7401084582681418,
        0.7829105055984793,
        0,
        0,
        0,
        1
      ],
      "fov": 50,
      "aspect": 1
    },
    {
      "camera_to_world": [
        -0.6453438562822231,
        0.5749262677149469,
        -0.5029822003313343,
        0.10880449470277831,
        -0.7633043156204893,
        -0.5111573922012899,
        0.39507548918290697,
        1.7993142179899908,
        -0.029963793383446014,
        0.63888802390508,
        0.7687159839607447,
        0.7983316341950889,
        0,
        0,
        0,
        1
      ],
      "fov": 50,
      "aspect": 1
    },
    {
      "camera_to_world": [
        -0.7620162735947443,
        0.5001667487481394,
        -0.41129602748324184,
        0.13306223366496125,
        -0.6471584267987782,
        -0.6105157189401776,
        0.45657039714625464,
        1.8209225141549754,
        -0.022741358800881517,
        0.6140877627617033,
        0.7889100393747158,
        0.811885158713855,
        0,
        0,
        0,
        1
      ],
      "fov": 50,
      "aspect": 1
    },
    {
      "camera_to_world": [
        -0.8452502883012636,
        0.4229958002322123,
        -0.3265371389482999,
        0.1566339055043654,
        -0.5342967734076737,
        -0.6791467317049894,
        0.5032759429384441,
        1.837474371314048,
        -0.008883020476167488,
        0.5998618756016599,
        0.800054262001571,
        0.8230521432459345,
        0,
        0,
        0,
        1
      ],
      "fov": 50,
      "aspect": 1
    },
    {
      "camera_to_world": [
        -0.908091381978208,
        0.34007425132853397,
        -0.24437582851060685,
        0.18420478948130595,
        -0.4187483995838835,
        -0.7311927504573347,
        0.5385229238617185,
        1.84913531146756,
        0.004451945961566478,
        0.5913600132423354,
        0.806395383738759,
        0.8328586202991969,
        0,
        0,
        0,
        1
      ],
      "fov": 50,
      "aspect": 1
    },
    {
      "camera_to_world": [
        -0.9710513798694138,
        0.20018418609914582,
        -0.13032846691928024,
        0.22710104528124747,
        -0.23862617748539328,
        -0.7882693634138938,
        0.567176302503696,
        1.8462322023179791,
        0.010805788838255547,
        0.5818571150539253,
        0.8132192401737098,
        0.8392265571488265,
        0,
        0,
        0,
        1
      ],
      "fov": 50,
      "aspect": 1
    },
    {
      "camera_to_world": [
        -0.999045496498074,
        0.03910862465866488,
        -0.01945793936224398,
        0.269667167452113,
        -0.04316863078908695,
        -0.815870176373766,
        0.5766214742962975,
        1.828284482427989,
        0.006675720389035841,
        0.5769110596800412,
        0.8167796912118588,
        0.8384448955148393,
        0,
        0,
        0,
        1
      ],
      "fov": 50,
      "aspect": 1
    },
    {
      "camera_to_world": [
        -0.9901503422974282,
        -0.11382120942612449,
        0.08152933173441385,
        0.30781239266088867,
        0.14000657604628922,
        -0.8077598583012914,
        0.572644889945656,
        1.8072824751984118,
        0.0006769875038845906,
        0.5784191763780419,
        0.8157394180043449,
        0.8339727090173654,
        0,
        0,
        0,
        1
      ],
      "fov": 50,
      "aspect": 1
    },
    {
      "camera_to_world": [
        -0.9605207151940558,
        -0.22546273408785267,
        0.1629923655289714,
        0.3373874026991851,
        0.27820820653436656,
        -0.7792283934316939,
        0.5616077854577807,
        1.7940208029778855,
        0.00038665233843637736,
        0.5847817254390665,
        0.8111905966494418,
        0.8287691154139417,
        0,
        0,
        0,
        1
      ],
      "fov": 50,
      "aspect": 1
    },
    {
      "camera_to_world": [
        -0.9247155068245694,
        -0.308255082323397,
        0.2233383882362715,
        0.3572278452484168,
        0.3806584829281666,
        -0.7479146517267892,
        0.5438040024744414,
        1.7856765256728968,
        -0.0005922946955982666,
        0.5878796458070233,
        0.8089481882251807,
        0.82131280330941,
        0,
        0,
        0,
        1
      ],
      "fov": 50,
      "aspect": 1
    },
    {
      "camera_to_world": [
        -0.8837406874026202,
        -0.3797238065637513,
        0.2735182409966088,
        0.372411303421249,
        0.46797302807971697,
        -0.7146914854910061,
        0.5198243218209005,
        1.776964111186922,
        -0.0019085122594995067,
        0.5873890629688244,
        0.8093024442602169,
        0.8111669617681863,
        0,
        0,
        0,
        1
      ],
      "fov": 50,
      "aspect": 1
    },
    {
      "camera_to_world": [
        -0.8327191572277464,
        -0.44872314911646244,
        0.3243860980882454,
        0.38862106671102176,
        0.5536942696268852,
        -0.673567483726255,
        0.489621793478427,
        1.7636889320597715,
        -0.0012087052006123644,
        0.5873281708837795,
        0.8093479836992564,
        0.7985344333725074,
        0,
        0,
        0,
        1
      ],
      "fov": 50,
      "aspect": 1
    },
    {
      "camera_to_world": [
        -0.7624935620507978,
        -0.5204386550065289,
        0.3843789461014763,
        0.40905234230058296,
        0.6469927340428641,
        -0.6151708589013499,
        0.450516610630857,
        1.7423169213761858,
        0.001992467522017594,
        0.5922064004496832,
        0.805783847777804,
        0.7834845191655393,
        0,
        0,
        0,
        1
      ],
      "fov": 50,
      "aspect": 1
    },
    {
      "camera_to_world": [
        -0.6658995460697366,
        -0.5949465803248658,
        0.4501292715474819,
        0.42887260807091654,
        0.7460329984970382,
        -0.5338959149672448,
        0.397982307565056,
        1.714161569666531,
        0.0035439663707531877,
        0.6008275281152126,
        0.7993708286904936,
        0.7657590064358095,
        0,
        0,
        0,
        1
      ],
      "fov": 50,
      "aspect": 1
    },
    {
      "camera_to_world": [
        -0.5546042333005141,
        -0.654652816405913,
        0.5136573122004152,
        0.4520045547500113,
        0.8321105908239038,
        -0.43815779456607606,
        0.3400142816113553,
        1.6816921773792677,
        0.002471648001365373,
        0.6159930495003967,
        0.7877477095640197,
        0.74570201919633,
        0,
        0,
        0,
        1
      ],
      "fov": 50,
      "aspect": 1
    },
    {
      "camera_to_world": [
        -0.45168131581621523,
        -0.6877422263278992,
        0.5683261555375376,
        0.48345874812730394,
        0.8921793007990679,
        -0.3483885896871424,
        0.2874743219863131,
        1.6472589925106147,
        0.0002901175950679735,
        0.6368956120914548,
        0.7709499952204633,
        0.7237225300559653,
        0,
        0,
        0,
        1
      ],
      "fov": 50,
      "aspect": 1
    },
    {
      "camera_to_world": [
        -0.37942443382926466,
        -0.6958582309725604,
        0.6097691541895841,
        0.5275418377455526,
        0.9252203659952533,
        -0.28387401895783687,
        0.2517594401573367,
        1.6143847787541206,
        -0.002091258222208348,
        0.6596945230547729,
        0.7515309460631568,
        0.7004660352119765,
        0,
        0,
        0,
        1
      ],
      "fov": 50,
      "aspect": 1
    },
    {
      "camera_to_world": [
        -0.33198559968382835,
        -0.6915519197944178,
        0.6415150067077341,
        0.5823766017436145,
        0.943265167684511,
        -0.23903532103360092,
        0.2304624453820514,
        1.5831232126371042,
        -0.006032000968217932,
        0.6816289735090627,
        0.7316731219863833,
        0.6759620743460896,
        0,
        0,
        0,
        1
      ],
      "fov": 50,
      "aspect": 1
    },
    {
      "camera_to_world": [
        -0.28969158156659597,
        -0.681498092316549,
        0.6720410238507387,
        0.6428807555348608,
        0.9570980649077152,
        -0.20150539590770836,
        0.2082279269694267,
        1.5462208290082344,
        -0.00648704241942921,
        0.7035310409562484,
        0.7106349222291755,
        0.6488431638722424,
        0,
        0,
        0,
        1
      ],
      "fov": 50,
      "aspect": 1
    },
    {
      "camera_to_world": [
        -0.23085415470293758,
        -0.6669753487862622,
        0.7084138926982135,
        0.703945061049631,
        0.9729880942616951,
        -0.15770496641883372,
        0.16859214688659008,
        1.496213013262065,
        -0.000726416813701128,
        0.728198480964001,
        0.6853659202501495,
        0.6177007854514353,
        0,
        0,
        0,
        1
      ],
      "fov": 50,
      "aspect": 1
    },
    {
      "camera_to_world": [
        -0.13780709286631876,
        -0.64203967259156,
        0.7541845026081192,
        0.7674407900539234,
        0.9904264275704626,
        -0.09551062491578152,
        0.0996655010432804,
        1.4262543300802561,
        0.008043427487397795,
        0.7606988756050054,
        0.6490551008408574,
        0.5806363419840596,
        0,
        0,
        0,
        1
      ],
      "fov": 50,
      "aspect": 1
    },
    {
      "camera_to_world": [
        -0.02045948842386439,
        -0.5990703500337046,
        0.8004349599086289,
        0.8355643786489968,
        0.9997320101655465,
        -0.02093190589505187,
        0.0098875257752745,
        1.3408583328127848,
        0.010831305728756067,
        0.8004227451953719,
        0.5993380613561221,
        0.5385841596871604,
        0,
        0,
        0,
        1
      ],
      "fov": 50,
      "aspect": 1
    },
    {
      "camera_to_world": [
        0.10018578139666154,
        -0.5398361518106193,
        0.8357868977222858,
        0.8997546148743313,
        0.9949528479110499,
        0.049607630147301,
        -0.08722335389596166,
        1.250675535579527,
        0.005624912411044486,
        0.8403070940016338,
        0.5420814958388614,
        0.4950211480343193,
        0,
        0,
        0,
        1
      ],
      "fov": 50,
      "aspect": 1
    },
    {
      "camera_to_world": [
        0.2051852014115078,
        -0.4763208286115019,
        0.8549956148148194,
        0.951432834735358,
        0.9787231471708775,
        0.10002399954153372,
        -0.17915412556692148,
        1.1663160136223352,
        -0.000185239445045754,
        0.8735637742870107,
        0.4867096649336034,
        0.4534074727704394,
        0,
        0,
        0,
        1
      ],
      "fov": 50,
      "aspect": 1
    },
    {
      "camera_to_world": [
        0.302862044944507,
        -0.4151393967739245,
        0.8578658770333585,
        0.990513110315987,
        0.9530328707503489,
        0.13030928514706183,
        -0.27340050744980476,
        1.087004753938344,
        0.0017114325521226112,
        0.9003770162829811,
        0.4351072276439174,
        0.41248772774520054,
        0,
        0,
        0,
        1
      ],
      "fov": 50,
      "aspect": 1
    },
    {
      "camera_to_world": [
        0.3990129848926283,
        -0.3524592855304927,
        0.8464993147843711,
        1.020296248480142,
        0.9169302815123148,
        0.1480924347342292,
        -0.37055025248977375,
        1.0092087600496598,
        0.005243732718415106,
        0.9240352173038766,
        0.3822713963264256,
        0.3717348320809558,
        0,
        0,
        0,
        1
      ],
      "fov": 50,
      "aspect": 1
    },
    {
      "camera_to_world": [
        0.4818386017365958,
        -0.2899816655269624,
        0.8268870512559325,
        1.0400244159255392,
        0.8762488654572974,
        0.15469933654842313,
        -0.4563507872856987,
        0.9355462493029126,
        0.00441448313187276,
        0.9444462657714765,
        0.32863621743348953,
        0.333915066809106,
        0,
        0,
        0,
        1
      ],
      "fov": 50,
      "aspect": 1
    },
    {
      "camera_to_world": [
        0.539151774039292,
        -0.23232778767730936,
        0.8095302116803618,
        1.0487697267599279,
        0.8422069763492183,
        0.1506283198199737,
        -0.5176857331015788,
        0.8686224151824715,
        -0.0016653945453247027,
        0.9609031732392077,
        0.2768796094331066,
        0.3018232071117375,
        0,
        0,
        0,
        1
      ],
      "fov": 50,
      "aspect": 1
    },
    {
      "camera_to_world": [
        0.5672874127991728,
        -0.18317271653267245,
        0.8028902460471556,
        1.0434203161346338,
        0.8235032633731337,
        0.13237049290694783,
        -0.5516524520215341,
        0.8094120701589764,
        -0.005231299400748458,
        0.9741282300219067,
        0.22593544427771137,
        0.2771770674583386,
        0,
        0,
        0,
        1
      ],
      "fov": 50,
      "aspect": 1
    },
    {
      "camera_to_world": [
        0.5817336502594221,
        -0.14264663006252998,
        0.8007733131714944,
        1.0274209995685062,
        0.8133707201786401,
        0.10655458955942086,
        -0.5719040050567088,
        0.7556955712088554,
        -0.0037458926745225505,
        0.984021370893756,
        0.17801098256131248,
        0.2569502571735664,
        0,
        0,
        0,
        1
      ],
      "fov": 50,
      "aspect": 1
    },
    {
      "camera_to_world": [
        0.5986021464568405,
        -0.10990342085507315,
        0.7934713027839229,
        1.0065511579859947,
        0.801046356636937,
        0.08268765529120206,
        -0.5928638007005761,
        0.7048824532057557,
        -0.0004525217699244133,
        0.9904968398469507,
        0.1375347428006892,
        0.23718317422844834,
        0,
        0,
        0,
        1
      ],
      "fov": 50,
      "aspect": 1
    },
    {
      "camera_to_world": [
        0.6303937604144916,
        -0.0845569452307211,
        0.7716565491484704,
        0.986357514741366,
        0.7762753693132555,
        0.06931676088183396,
        -0.6265714146515301,
        0.6543991145911242,
        -0.0005077677084008025,
        0.9940046829236266,
        0.10933632743903016,
        0.21406727732445913,
        0,
        0,
        0,
        1
      ],
      "fov": 50,
      "aspect": 1
    },
    {
      "camera_to_world": [
        0.6701238017088241,
        -0.06941193649142655,
        0.7389966667420245,
        0.9670809567149723,
        0.7422478619908971,
        0.06465728303556013,
        -0.6669989108839697,
        0.6036402585324914,
        -0.0014838306017458044,
        0.995490541804878,
        0.09484924577336232,
        0.18739008887017924,
        0,
        0,
        0,
        1
      ],
      "fov": 50,
      "aspect": 1
    },
    {
      "camera_to_world": [
        0.714493858957455,
        -0.0610198261300846,
        0.6969756856097196,
        0.9442328133736727,
        0.6996403267414051,
        0.06429758774145648,
        -0.7115962573031211,
        0.5553169225458986,
        -0.0013923754036973344,
        0.996063452310988,
        0.08863216267840487,
        0.16029359935782794,
        0,
        0,
        0,
        1
      ],
      "fov": 50,
      "aspect": 1
    },
    {
      "camera_to_world": [
        0.7634347613642579,
        -0.0542068895513529,
        0.6436062292006394,
        0.913225899764593,
        0.6458848441353883,
        0.06463561840356091,
        -0.7606937655520746,
        0.5124381730101291,
        -0.00036504370108324247,
        0.9964355724073466,
        0.08435648632049356,
        0.1360115108836231,
        0,
        0,
        0,
        1
      ],
      "fov": 50,
      "aspect": 1
    },
    {
      "camera_to_world": [
        0.8182007300382644,
        -0.04449952775869359,
        0.5732079530101659,
        0.8710738093353325,
        0.5749315496347704,
        0.06136738858968015,
        -0.8158969033231127,
        0.4752992533052479,
        0.0011307517025890281,
